9 2 2013
10 11 2013
10 16 2013
10 17 2013
10 18 2013
10 23 2013
11 27 2013
11 28 2013
11 29 2013
12 20 2013
12 21 2013
12 22 2013
12 23 2013
12 24 2013
12 25 2013
12 26 2013
12 27 2013
12 28 2013
12 29 2013
12 30 2013
12 31 2013
1 1 2014
1 2 2014
1 3 2014
1 4 2014
1 5 2014
1 17 2014
1 20 2014
2 17 2014
2 28 2014
3 12 2014
3 15 2014
3 16 2014
3 17 2014
3 18 2014
3 19 2014
3 20 2014
3 21 2014
3 22 2014
3 23 2014
3 24 2014
3 25 2014
3 26 2014
3 27 2014
3 28 2014
3 29 2014
3 30 2014
4 9 2014
5 2 2014
5 26 2014
