8 21 201210 12 201210 17 201212 11 201212 12 201212 13 201212 14 20123 1 20134 3 20134 26 2013
9 3 2012
10 18 2012
10 19 2012
10 24 2012
11 21 2012
11 22 2012
11 23 2012
12 17 2012
12 18 2012
12 19 2012
12 20 2012
12 21 2012
12 22 2012
12 23 2012
12 24 2012
12 25 2012
12 26 2012
12 27 2012
12 28 2012
12 29 2012
12 30 2012
12 31 2012
1 1 2013
1 2 2013
1 3 2013
1 4 2013
1 5 2013
1 6 2013
1 21 2013
2 18 2013
3 13 2013
3 18 2013
3 19 2013
3 20 2013
3 21 2013
3 22 2013
3 25 2013
3 26 2013
3 27 2013
3 28 2013
3 29 2013
4 27 2013